speed(m/s),wind(m/s),yawAngle(degrees),netSpeedFacing(m/s),cdStarUsed,Aerodynamic_drag_reference(N),Rolling_drag_reference(N),Net_reference_drag(N),Aerodynamic_drag_practicle(N),Net_actual_drag(N),Drag_ratio,recommended_speed(km/hr),sensitivity_used,density_used(kg/m^3),mass_vehicle_used(kg),Cd_reference_used,Frontal_area_of_vehicle_used(m^2)
7,4,1.2036666666666669,9.224994286165932,7.201408845241905,19.7274,22.51395,42.24135,224.30077020379966,246.81472020379965,5.842964777494083,12.995728760714911,0.1,1.22,153,1.1,0.6
14,3,0.6280000000000001,16.521899140322663,5.77490970470394,59.779999999999994,20.453850000000003,80.23384999999999,480.800566501766,501.254416501766,6.247418221882237,23.953012161713524,0.1,1.22,139,1.0,0.5
21,3,1.5700000000000003,21.21556827345316,4.232062618177775,244.79909999999998,22.661099999999998,267.4602,813.3721504454022,836.0332504454022,3.1258230213145817,59.52877795886177,0.1,1.22,154,1.3,0.7
18,1,0.03488888888888889,18.999423464941707,4.619736138478328,108.70200000000001,20.15955,128.86155000000002,508.6251787277133,528.7847287277133,4.103510540791363,44.68925169567196,0.1,1.22,137,1.1,0.5
13,4,0.3314444444444445,16.832695049822586,6.951874810192948,74.2248,19.4238,93.6486,720.9254202427953,740.3492202427954,7.905609056011466,14.48174961786634,0.1,1.22,132,1.2,0.6
24,3,0.03488888888888889,26.998377136426374,5.24727918843399,221.3568,20.15955,241.51635,1633.1924603885673,1653.3520103885674,6.845714629210683,35.8930256036197,0.1,1.22,137,0.9,0.7
8,0,1.5700000000000003,8.0,4.146496815286625,24.5952,20.8953,45.4905,113.31546496815288,134.2107649681529,2.9503031395160066,23.183126958193903,0.1,1.22,142,0.9,0.7
32,1,0.24422222222222226,32.97121235156396,4.402011901620239,412.2624,19.57095,431.83335,1751.467692289403,1771.038642289403,4.101208584953902,79.47407710133105,0.1,1.22,133,1.1,0.6
10,2,1.2734444444444446,10.757303249474512,4.798308417449163,39.65,20.0124,59.6624,169.35375165719148,189.3661516571915,3.173961350150036,28.173739139459872,0.1,1.22,136,1.3,0.5
31,4,1.2560000000000002,32.46207722309436,4.54684931382802,369.3123,22.661099999999998,391.97339999999997,2045.9313149927955,2068.5924149927955,5.277379574718069,63.86444394614634,0.1,1.22,154,0.9,0.7
